# id	left	top	right	bottom	texture_id
[SPRITES]
# hill
70001	48	77	127	111	21

# bush
70002	8	96	39	111	21

#cloud
70003	89	32	118	53	21

#gr
70004	0	193	927	296	22

#bg1 - map1
70005	0	459	927	728	23

#bg2 - map1
70006	0	0	920	790	24

#bg2 - map1
70007	0	459	751	728	25

#bg3 - map1
70008	0	458	927	727	26

#plat1
70009	416	629	479	672	27

#plat2
70010	163	336	252	383	27

#tree1
70011	688	467	815	608	27

#bush1
70012	453	573	540	608	27

#tree2
70013	824	443	989	608	27

#darkground
70014	0	0	1000	450	29

#introbg
70015	0	0	719	447	32




#bg1 - map 2
70016	0	0	1929	399	34


#bg2 - map 2
70017	0	0	1929	399	35


#bg2 - map 2
70018	0	0	1929	399	36

#bg3 - map 2
70019	114	273	307	350	37

#bg4 - map 2
70020	5	424	104	461	37

#bg5 - map 2
70021	21	466	104	543	37


#water
70022	1537	0	1950	447	33



# ani_id	sprite1_id	time1	sprite2_id	time2	...
[ANIMATIONS]
700001	70001	1000
700002	70002	1000
700003	70003	1000
700004	70004	10000
700005	70005	10000
700006	70006	10000
700007	70007	10000
700008	70008	10000
700009	70009	10000
700010	70010	10000
700011	70011	10000
700012	70012	10000
700013	70013	10000
700014	70014	10000
700015	70015	10000
700016	70016	10000
700017	70017	10000
700018	70018	10000
700019	70019	10000
700020	70020	10000
700021	70021	10000
700022	70022	10000