# id	left	top	right	bottom	texture_id
[SPRITES]
79001	33	775	40	791	10
79002	46	775	55	791	10
79003	62	775	70	791	10
79004	76	775	85	791	10
79101	437	775	447	791	11
79102	422	775	434	791	11
79103	408	775	419	791	11
79104	391	775	406	791	11




# ani_id	sprite1_id	time1	sprite2_id	time2	...
[ANIMATIONS]
79001	79001	100	79001	100
79002	79002	100	79002	100
79003	79003	100	79003	100
79004	79004	100	79004	100
79101	79101	100	79101	100
79102	79102	100	79102	100
79103	79103	100	79103	100
79104	79104	100	79104	100

