# list of object assets to load in this scene
[ASSETS]
mario.txt
background.txt
brick_texture_map1.txt
platform_texture_map1.txt
turret.txt
bullet.txt
coin.txt
flower.txt
brick.txt
mushroom.txt
hammer.txt
goomba.txt
hammerturtle.txt
turtle.txt
star.txt
tunnel.txt
text.txt
#
[OBJECTS]
# type	x	y	extra_settings per object type
# type: 0 = Mario , 1 = Brick, 2 = Goomba, 3 = Koopas
# See OBJECT_TYPE constants in AssetIDs.h


#Background layer 1
#type	x	y	z	cw	ch	l	h	ani	moveY
8	0	150	0	920	790	10	1	800006	0
8	0	210	-5	927	269	10	1	800002	0
8	0	210	-3	927	269	10	1	800003	0
8	0	36	0	927	253	10	1	800004	0
8	0	218	0	751	269	10	1	800005	0

8	420	275	0	1012	142	10	1	700011	0
8	470	260	0	100	150	1	1	700013	0
8	180	330	0	400	36	10	1	700012	0

#brick
# type	x	y	col	row	w	h	bound	ani	del	spawn
1	10	130	1	5	44	44	0	800023	0	0
1	54	218	1	3	44	44	0	800023	0	0

# MARIO 280
0	280	10	1

#Turret 
12	1350	320	1
12	1000	220	2

12	2650	320	2

#Flower
#13	1000	230	



#PLATFORM
#type	x	y	cw	ch	l	h	sprite
5	400	280	159	100	1	1	81003
5	580	300	35	25	1	1	81001
5	700	203	65	42	1	1	70009
5	700	245	125	42	1	1	81004

5	2580	300	35	25	1	1	81001
5	2580	220	35	25	1	1	81001
5	2580	149	35	25	1	1	81001
5	2480	260	35	25	1	1	81002
5	2480	180	35	25	1	1	81002

# tunnel
#type	x	y	w	h	target	ani
14	4550	320	30	30	3	69000


# BRICKS
# type	x	y	col	row	w	h	bound	ani	del	spawn
a
#ground
1	0	360	7	1	382	64	0	800001	0	0
1	2770	360	4	1	382	64	0	800001	0	0
1	4400	360	2	1	382	64	0	800001	0	0

#section1
1	800	310	1	1	20	20	0	200001	0	0
1	700	326	1	1	206	128	0	800007	0	0
1	1100	250	1	1	301	30	0	800017	0	0
1	1350	250	1	1	46	30	0	800018	0	0
1	1320	160	1	1	126	30	0	800020	0	0
1	1070	160	1	1	190	30	0	800021	0	0

1	1390	280	1	1	30	270	0	800019	0	0
1	960	88	1	1	30	175	0	800022	0	0

#section2
1	1700	280	1	1	206	30	0	800008	0	0
1	1678	312	1	1	30	30	0	800009	0	0
1	1748	240	1	1	46	46	0	800010	0	0
1	1600	190	1	1	94	30	0	800011	0	0
1	1940	190	1	1	94	30	0	800011	0	0
1	2003	190	4	1	31	30	1	800012	0	0
1	2040	351	1	1	143	78	1	800013	0	0
1	2040	351	1	1	143	78	1	800013	0	0
1	2450	180	1	1	30	206	0	800014	0	0
1	2610	240	1	1	30	206	0	800014	0	0

1	2490	360	1	1	15	64	0	800015	0	0
1	2570	360	1	1	15	64	0	800016	0	0

#section3
1	3200	10	5	3	44	44	0	800023	0	0
1	3200	180	5	1	44	44	0	800023	0	0

1	2800	280	8	1	44	44	0	800023	0	0

1	3600	310	8	1	44	44	1	800023	1	0
1	3688	266	6	1	44	44	0	800023	0	0
1	3688	222	4	1	44	44	0	800023	0	0
1	3688	178	2	1	44	44	0	800023	0	0

1	4188	310	1	1	20	20	0	200001	0	0
1	4200	350	1	1	30	206	0	800014	0	0

1	4700	10	8	8	44	44	1	800023	1	0


#Coin
#type	x	y	col	row	hor	ver
4	360	170	5	3	20	20
4	1000	100	8	2	20	20
4	1000	300	3	1	20	20
4	1100	220	5	1	20	20
4	1340	220	2	1	20	20
4	1570	160	4	1	20	20
4	1700	310	2	1	20	20
4	2004	150	4	1	30	20
4	2482	150	1	2	0	80
4	2580	110	1	3	0	80
4	680	200	3	1	20	0

4	2200	250	10	3	20	20

4	2800	315	16	1	20	20

#4	3210	235	2	1	10	20
4	3350	235	2	1	10	20

#4	3200	245	2	1	30	20
4	3340	245	2	1	30	20

4	3240	300	2	1	90	20
4	3250	315	8	1	10	20




#Spawn Brick
# type	x	y	col	row	w	h	bound	ani	del	spawn
1	675	130	3	1	16	16	1	200002	0	4
1	723	130	1	1	16	16	1	200001	0	7

1	2900	200	1	1	16	16	1	200001	0	6
1	2916	200	5	1	16	16	1	200001	0	0

1	3200	250	3	1	16	16	5	200001	0	4



#hammer turtle
17	2000	20	1900	2100	2000	0.2

17	3200	120	3200	3400	500	0.25
17	3400	120	3200	3400	300	0.15



#goomba
2	1900	100	1600	2000	0
2	1930	100	1600	2000	0
2	1960	100	1600	2000	0

2	2300	100	1600	2400	0
2	2330	100	1600	2400	0
2	2360	100	1600	2400	0

2	3060	100	2800	3100	0
2	3000	100	2800	3100	0

2	3600	100	2000	4100	0
2	3300	100	2000	4100	0


# Turtle
3	2000	200	2000	2100

3	3600	20	3000	3700





#Background layer 2
#type	x	y	z	cw	ch	l	h	ani	moveY
8	150	340	1	335	36	20	1	700012	0
8	-100	390	6	927	253	20	1	800004	0


#text
#type	x	y	type	text
22	80	15	1	score
22	218	15	1	coins
22	356	15	1	world
22	494	15	1	time
22	626	15	1	lives

22	80	30	2	0
22	218	30	3	0
22	356	30	5	2