# list of object assets to load in this scene
[ASSETS]
mario.txt
background.txt
brick_texture_map2.txt
platform_texture_map2.txt
coin.txt
#
[OBJECTS]


#Background layer 1
#type	x	y	z	cw	ch	l	h	ani
8	0	200	-12	1929	400	10	1	700018
8	-500	200	-9	1000	400	10	1	700017
8	0	200	-3	2000	400	1000	1	700016


#PLATFORM
#type	x	y	cw	ch	l	h	sprite
5	880	200	94	12	1	1	83001



5	1700	100	94	12	1	1	83001
5	1700	200	94	12	1	1	83001
5	1700	300	94	12	1	1	83001

5	1900	50	94	12	1	1	83001
5	1900	150	94	12	1	1	83001
5	1900	250	94	12	1	1	83001

5	2100	120	94	12	1	1	83001
5	2100	220	94	12	1	1	83001
5	2100	320	94	12	1	1	83001





# MARIO
0	4700	10	1


# BRICKS
# type	x	y	col	row	w	h	bound	ani
#ground
1	-100	360	5	1	382	64	0	820001
1	2400	360	3	1	382	64	0	820001
1	4200	360	2	1	382	64	0	820001


1	100	220	1	1	576	447	0	820002
1	1000	275	1	1	38	238	0	820003
1	1155	179	1	1	272	46	0	820004


1	3350	320	1	1	102	206	0	820005

1	3500	220	1	1	54	48	0	820006
1	3650	220	1	1	54	48	0	820006
1	3800	220	1	1	54	48	0	820006

1	4000	340	1	1	102	206	0	820005


1	4725	250	1	1	102	206	0	820005


#Background layer 2
#type	x	y	z	cw	ch	l	h	ani
8	-500	400	2	90	76	100	1	700020
8	-450	400	2	90	76	100	1	700020
8	-500	380	5	500	76	10	1	700019
8	-450	380	7	300	76	100	1	700021