# id	left	top	right	bottom	texture_id
[SPRITES]

############## ASCII ####################

### CHAR ###
32	374	0	387	0	1

97	374	208	387	221	1
98	390	208	403	221	1
99	406	208	419	221	1
100	422	208	435	221	1
101	438	208	451	221	1
102	454	208	467	221	1
103	470	208	483	221	1
104	486	208	499	221	1
105	502	208	515	221	1

106	374	224	387	237	1
107	390	224	403	237	1
108	406	224	419	237	1
109	422	224	435	237	1
110	438	224	451	237	1
111	454	224	467	237	1
112	470	224	483	237	1
113	486	224	499	237	1
114	502	224	515	237	1

115	374	240	387	253	1
116	390	240	403	253	1
117	406	240	419	253	1
118	422	240	435	253	1
119	438	240	451	253	1
120	454	240	467	253	1
121	470	240	483	253	1
122	486	242	499	253	1

### NUMBER ###
48	502	240	515	253	1
49	374	256	387	267	1
50	390	256	403	267	1
51	406	256	419	267	1
52	422	256	435	267	1
53	438	256	451	267	1
54	454	256	467	267	1
55	470	256	483	267	1
56	486	256	499	267	1
57	502	256	515	267	1

# ani_id	sprite1_id	time1	sprite2_id	time2	...
[ANIMATIONS]
57	57	1000

102	102	1000
105	105	1000
110	110	1000
100	100	1000
120	120	1000